.pred,.row,ipc
2.156649166666667,181,1.78
1.9587949999999983,182,1.24
2.1882196666666665,183,1.77
2.2157515000000005,184,1.88
2.2200828333333327,185,1.8
2.8638325000000058,186,2.39
3.5758498333333373,187,2.88
4.61660650000001,188,4.19
5.393521333333342,189,4.97
5.815333333333329,190,5.34
6.201002666666667,191,5.46
5.3602833333333395,192,4.82
5.719634166666659,193,5.24
6.621649000000007,194,6
6.308323500000001,195,5.84
5.740034500000001,196,5.2
5.746382833333337,197,5.17
4.6074131666666736,198,3.91
4.607789500000007,199,3.82
4.333914000000003,200,3.62
4.34912916666667,201,3.67
3.695740999999993,202,2.96
3.690959833333325,203,2.89
3.8838343333333274,204,3.07
